function [v,f1,f2,f3,f4,fp1,fp2,fp3] = makeEnv(wl)

% define vertices
v1 = [0 0 3.9];     v17 = v1 + [0 wl 0];
v2 = [3 0 4.8];     v18 = v2 + [0 wl 0];
v3 = [6 0 3.9];     v19 = v3 + [0 wl 0];
v4 = [6 0 2.9];     v20 = v4 + [0 wl 0];
v5 = [9 0 2.9];     v21 = v5 + [0 wl 0];
v6 = [9 0 3.9];     v22 = v6 + [0 wl 0];
v7 = [10 0 3.9];    v23 = v7 + [0 wl 0];
v8 = [10 0 4.4];    v24 = v8 + [0 wl 0];
v9 = [11 0 4.4];    v25 = v9 + [0 wl 0];
v10 = [11 0 3.9];   v26 = v10 + [0 wl 0];
v11 = [14 0 3.9];   v27 = v11 + [0 wl 0];
v12 = [14 0 2.5];   v28 = v12 + [0 wl 0];
v13 = [5.6 0 2.5];  v29 = v13 + [0 wl 0];
v14 = [5.6 0 3.62]; v30 = v14 + [0 wl 0];
v15 = [3 0 4.3];    v31 = v15 + [0 wl 0];
v16 = [0 0 3.5];    v32 = v16 + [0 wl 0];

v33 = [-10 0 0];      v37 = v33 + [0 wl 0];
v34 = [25 0 0];     v38 = v34 + [0 wl 0];
v35 = [25 0 -0.5];  v39 = v35 + [0 wl 0];
v36 = [-10 0 -0.5];   v40 = v36 + [0 wl 0];

v = [v1;v2;v3;v4;v5;v6;v7;v8;v9;v10;v11;v12;v13;v14;v15;v16;...
    v17;v18;v19;v20;v21;v22;v23;v24;v25;v26;v27;v28;v29;v30;v31;v32;...
    v33;v34;v35;v36;v37;v38;v39;v40];

% define faces
A = [1 2 18 17];
B = [2 3 19 18];
C = [3 4 20 19];
D = [4 5 21 20];
E = [5 6 22 21];
F = [6 7 23 22];
G = [7 8 24 23];
H = [8 9 25 24];
I = [9 10 26 25];
J = [10 11 27 26];
K = [11 12 28 27];
L = [12 13 29 28];
M = [13 14 30 29];
N = [14 15 31 30];
O = [15 16 32 31];
P = [16 1 17 32];
Q = [1 2 3 4 5 6 7 8 9 10 11 12 13 14 15 16];
R = [17 18 19 20 21 22 23 24 25 26 27 28 29 30 31 32];

pA = [33 34 38 37];
pB = [34 35 39 38];
pC = [35 36 40 39];
pD = [36 33 37 40];
pE = [33 34 35 36];
pF = [37 38 39 40];

% combine faces to 3D polygons
f1 = [A;B;D;F;H;J];
f2 = [C;E;G;I;K;P];
f3 = [L;M;N;O];
f4 = [Q;R];

fp1 = pA;
fp2 = [pB;pC;pD;pE];
fp3 = pF;

end
